P0: 7.660866544244e+02 0.000000000000e+00 6.328835372925e+02 0.000000000000e+00 0.000000000000e+00 7.660866544244e+02 5.257470436096e+02 0.000000000000e+00 0.000000000000e+00 0.000000000000e+00 1.000000000000e+00 0.000000000000e+00
P1: 7.660866544244e+02 0.000000000000e+00 6.328835372925e+02 0.000000000000e+00 0.000000000000e+00 7.660866544244e+02 5.257470436096e+02 0.000000000000e+00 0.000000000000e+00 0.000000000000e+00 1.000000000000e+00 0.000000000000e+00
P2: 7.660866544244e+02 0.000000000000e+00 6.328835372925e+02 0.000000000000e+00 0.000000000000e+00 7.660866544244e+02 5.257470436096e+02 0.000000000000e+00 0.000000000000e+00 0.000000000000e+00 1.000000000000e+00 0.000000000000e+00
P3: 7.660866544244e+02 0.000000000000e+00 6.328835372925e+02 0.000000000000e+00 0.000000000000e+00 7.660866544244e+02 5.257470436096e+02 0.000000000000e+00 0.000000000000e+00 0.000000000000e+00 1.000000000000e+00 0.000000000000e+00
Tr: -3.245740000000e-02 -9.994731200000e-01 -5.000000000000e-08 8.000000000000e-02 -1.422882600000e-01 4.620790000000e-03 -9.898144800000e-01 -1.000000000000e-01 9.892929600000e-01 -3.212680000000e-02 -1.423632700000e-01 -3.000000000000e-02
